#开头为注释。#具体内容如下：
#订单编号,商品编号,销售量,单价,总金额
0001 s_05_002 5 198.0 990.0
0001 s_05_004 5 66.0 330.0
0001 s_05_005 2 599.0 1198.0
0001 s_03_001 1 3.0 3.0
0001 s_06_001 1 15.0 15.0
0001 s_06_004 5 18.88 94.4
0001 s_01_005 5 20.0 100.0
0001 s_02_003 5 19.9 99.5
0002 s_03_002 4 3.0 12.0
0002 s_05_004 5 66.0 330.0
0002 s_01_004 3 88.0 264.0
0002 s_02_004 1 0.5 0.5
0002 s_04_004 1 200.0 200.0
0002 s_03_005 4 10.0 40.0
0002 s_05_006 4 399.0 1596.0
0003 s_04_004 5 200.0 1000.0
0003 s_05_001 3 198.0 594.0
0003 s_05_005 4 599.0 2396.0
0003 s_03_003 2 2.0 4.0
0003 s_06_006 5 601.0 3005.0
0003 s_06_001 4 15.0 60.0
0003 s_01_005 3 20.0 60.0
0004 s_05_001 4 198.0 792.0
0004 s_02_004 3 0.5 1.5
0004 s_01_007 4 5.0 20.0
0004 s_05_004 4 66.0 264.0
0004 s_03_004 1 6.0 6.0
0004 s_03_001 4 3.0 12.0
0004 s_05_002 2 198.0 396.0
0004 s_06_003 5 499.0 2495.0
0004 s_06_005 3 300.0 900.0
0004 s_01_002 2 8.0 16.0
0005 s_06_002 5 998.0 4990.0
0005 s_05_005 5 599.0 2995.0
0005 s_06_006 3 601.0 1803.0
0005 s_03_001 2 3.0 6.0
0005 s_05_002 1 198.0 198.0
0006 s_04_001 4 150.0 600.0
0006 s_02_002 5 18.0 90.0
0006 s_02_005 2 66.6 133.2
0006 s_06_005 4 300.0 1200.0
0006 s_06_004 2 18.88 37.76
0006 s_05_006 2 399.0 798.0
0006 s_01_001 1 2.0 2.0
0006 s_02_004 5 0.5 2.5
0006 s_04_002 1 299.0 299.0
0006 s_01_002 4 8.0 32.0
0007 s_01_002 4 8.0 32.0
0007 s_04_002 1 299.0 299.0
0007 s_03_005 4 10.0 40.0
0007 s_06_006 3 601.0 1803.0
0007 s_06_003 1 499.0 499.0
0007 s_03_002 1 3.0 3.0
0007 s_06_005 2 300.0 600.0
0008 s_01_007 4 5.0 20.0
0008 s_01_004 1 88.0 88.0
0008 s_02_001 1 8.0 8.0
0008 s_01_002 5 8.0 40.0
0008 s_05_003 1 68.0 68.0
0008 s_02_003 5 19.9 99.5
0008 s_01_001 5 2.0 10.0
0008 s_02_004 4 0.5 2.0
0008 s_05_004 4 66.0 264.0
0008 s_03_005 1 10.0 10.0
0009 s_01_007 3 5.0 15.0
0009 s_01_005 1 20.0 20.0
0009 s_05_001 3 198.0 594.0
0009 s_03_003 5 2.0 10.0
0009 s_01_002 2 8.0 16.0
0009 s_02_003 5 19.9 99.5
0010 s_03_003 5 2.0 10.0
0010 s_05_006 5 399.0 1995.0
0010 s_06_003 1 499.0 499.0
0010 s_06_001 5 15.0 75.0
0010 s_05_003 2 68.0 136.0
0010 s_04_001 3 150.0 450.0
0011 s_01_006 1 10.0 10.0
0011 s_05_002 2 198.0 396.0
0011 s_03_003 4 2.0 8.0
0011 s_01_004 1 88.0 88.0
0011 s_02_002 4 18.0 72.0
0011 s_03_004 1 6.0 6.0
0011 s_01_007 1 5.0 5.0
0011 s_06_005 4 300.0 1200.0
0012 s_05_006 5 399.0 1995.0
0012 s_03_001 2 3.0 6.0
0012 s_05_004 2 66.0 132.0
0012 s_06_004 4 18.88 75.52
0012 s_06_005 2 300.0 600.0
0012 s_05_001 3 198.0 594.0
0012 s_02_003 1 19.9 19.9
0012 s_05_002 3 198.0 594.0
0012 s_04_001 5 150.0 750.0
0012 s_06_003 2 499.0 998.0
0013 s_06_006 1 601.0 601.0
0013 s_03_004 1 6.0 6.0
0013 s_01_007 1 5.0 5.0
0013 s_05_004 4 66.0 264.0
0013 s_03_002 3 3.0 9.0
0013 s_06_004 5 18.88 94.4
0014 s_02_003 1 19.9 19.9
0014 s_06_005 4 300.0 1200.0
0014 s_03_004 2 6.0 12.0
0014 s_06_002 2 998.0 1996.0
0014 s_04_002 4 299.0 1196.0
0014 s_02_005 2 66.6 133.2
0015 s_04_001 3 150.0 450.0
0015 s_06_005 5 300.0 1500.0
0015 s_03_002 5 3.0 15.0
0015 s_06_006 1 601.0 601.0
0015 s_02_001 2 8.0 16.0
0015 s_04_002 4 299.0 1196.0
0015 s_05_002 5 198.0 990.0
0016 s_02_003 5 19.9 99.5
0016 s_05_004 3 66.0 198.0
0016 s_01_002 5 8.0 40.0
0016 s_02_001 1 8.0 8.0
0016 s_02_002 1 18.0 18.0
0016 s_02_004 5 0.5 2.5
0016 s_02_005 2 66.6 133.2
0016 s_04_002 2 299.0 598.0
0016 s_01_005 2 20.0 40.0
0016 s_03_002 3 3.0 9.0
0017 s_01_006 5 10.0 50.0
0017 s_02_003 4 19.9 79.6
0017 s_03_001 1 3.0 3.0
0017 s_02_004 5 0.5 2.5
0017 s_05_002 4 198.0 792.0
0017 s_03_004 1 6.0 6.0
0017 s_02_002 2 18.0 36.0
0017 s_03_003 3 2.0 6.0
0018 s_04_003 5 135.0 675.0
0018 s_03_002 1 3.0 3.0
0018 s_05_003 5 68.0 340.0
0018 s_06_003 2 499.0 998.0
0018 s_05_006 2 399.0 798.0
0018 s_02_005 5 66.6 333.0
0018 s_01_005 4 20.0 80.0
0019 s_03_003 5 2.0 10.0
0019 s_06_003 1 499.0 499.0
0019 s_02_004 4 0.5 2.0
0019 s_01_001 5 2.0 10.0
0019 s_01_002 1 8.0 8.0
0020 s_06_003 5 499.0 2495.0
0020 s_05_003 5 68.0 340.0
0020 s_06_006 2 601.0 1202.0
0020 s_03_002 3 3.0 9.0
0020 s_01_003 1 6.0 6.0
0020 s_01_001 2 2.0 4.0
0020 s_01_007 5 5.0 25.0
0020 s_01_002 2 8.0 16.0
0020 s_03_005 5 10.0 50.0
0020 s_05_006 1 399.0 399.0
